{
  "camera_angle_x": 0.5733101478800153,
  "camera_angle_y": 0.9653913690755414,
  "fl_x": 1831.9143095815152,
  "fl_y": 1831.9143095815152,
  "k1": 0,
  "k2": 0,
  "p1": 0,
  "p2": 0,
  "cx": 540.0,
  "cy": 960.0,
  "w": 1080.0,
  "h": 1920.0,
  "aabb_scale": 16,
  "frames": [
    {
      "file_path": "./images/14.jpg",
      "sharpness": 64.09309063846078,
      "transform_matrix": [
        [
          -0.14558269611438582,
          -0.12674904978288812,
          0.9811933331415946,
          3.004888283390566
        ],
        [
          0.9893338473791999,
          -0.013717861998646342,
          0.14501847707126475,
          0.10368820485715058
        ],
        [
          -0.004921079431716152,
          0.9918399561782318,
          0.12739420840805052,
          0.4827072719913832
        ],
        [
          0.0,
          0.0,
          0.0,
          1.0
        ]
      ]
    },
    {
      "file_path": "./images/13.jpg",
      "sharpness": 75.83180458553382,
      "transform_matrix": [
        [
          -0.7775419088052087,
          -0.02419108561789843,
          -0.6283656351667319,
          -2.4768714891850325
        ],
        [
          -0.6260844752418225,
          -0.06351252789651594,
          0.7771643253915986,
          3.413304905614827
        ],
        [
          -0.05870953866746345,
          0.9976878019736544,
          0.034237989029089186,
          0.62590223372296
        ],
        [
          0.0,
          0.0,
          0.0,
          1.0
        ]
      ]
    },
    {
      "file_path": "./images/15.jpg",
      "sharpness": 61.898300053756486,
      "transform_matrix": [
        [
          -0.03215169745258098,
          -0.15823523953030402,
          0.9868778431761531,
          3.2505770174388324
        ],
        [
          0.998145840725492,
          -0.056141098426117954,
          0.02351717903837422,
          0.13717935097954445
        ],
        [
          0.05168315967009322,
          0.9858041316958015,
          0.15974687780462704,
          0.35172690646834626
        ],
        [
          0.0,
          0.0,
          0.0,
          1.0
        ]
      ]
    },
    {
      "file_path": "./images/11.jpg",
      "sharpness": 66.36536981068863,
      "transform_matrix": [
        [
          -0.9877620971531985,
          -0.018912612623175055,
          0.15481715842112428,
          0.8412602534728686
        ],
        [
          0.15580376358361103,
          -0.1652001621606345,
          0.973875810191061,
          3.312760107929158
        ],
        [
          0.007157283735194069,
          0.9860787085904241,
          0.1661251148517264,
          0.5873175673733618
        ],
        [
          0.0,
          0.0,
          0.0,
          1.0
        ]
      ]
    },
    {
      "file_path": "./images/10.jpg",
      "sharpness": 68.12922110195478,
      "transform_matrix": [
        [
          -0.9520823290818379,
          -0.030259008967266104,
          0.3043413068525745,
          1.0780173475471941
        ],
        [
          0.3039964736554824,
          -0.20277595855721772,
          0.9308426583672701,
          3.3547869452501766
        ],
        [
          0.033546723878937985,
          0.9787575302579236,
          0.20225803892731659,
          0.9443576302822743
        ],
        [
          0.0,
          0.0,
          0.0,
          1.0
        ]
      ]
    },
    {
      "file_path": "./images/12.jpg",
      "sharpness": 62.43432725150023,
      "transform_matrix": [
        [
          -0.999346647714096,
          0.034605586655541934,
          0.010427420828515943,
          0.2816016656617287
        ],
        [
          0.0063686888881247985,
          -0.11538690056992232,
          0.9933002078821518,
          3.3886830959512855
        ],
        [
          0.03557692418917438,
          0.9927176419199056,
          0.11509112005947139,
          0.4583194091015198
        ],
        [
          0.0,
          0.0,
          0.0,
          1.0
        ]
      ]
    },
    {
      "file_path": "./images/1.jpg",
      "sharpness": 93.69842584220135,
      "transform_matrix": [
        [
          0.01130849724338404,
          -0.1734157269014293,
          0.9847837851953373,
          3.829874779512719
        ],
        [
          0.9997713735584483,
          -0.015912416141167653,
          -0.014282703722236282,
          -0.09613419569646406
        ],
        [
          0.01814713484721182,
          0.9847201534985013,
          0.17319613396681074,
          0.7797921355656567
        ],
        [
          0.0,
          0.0,
          0.0,
          1.0
        ]
      ]
    },
    {
      "file_path": "./images/16.jpg",
      "sharpness": 97.4900163282848,
      "transform_matrix": [
        [
          0.05894218492721219,
          -0.1414334431247145,
          0.9881914794371612,
          3.939155580135775
        ],
        [
          0.9978589158503982,
          -0.019759759408593418,
          -0.06234690021160171,
          -0.35630199908217547
        ],
        [
          0.028344362648380115,
          0.9897505408456775,
          0.13996593882823807,
          0.22707982193667428
        ],
        [
          0.0,
          0.0,
          0.0,
          1.0
        ]
      ]
    },
    {
      "file_path": "./images/17.jpg",
      "sharpness": 67.03137537809891,
      "transform_matrix": [
        [
          0.3301091974209774,
          -0.15506473847804825,
          0.9311191356046356,
          3.882678193302453
        ],
        [
          0.9420963903567692,
          -0.007544150105061617,
          -0.33525732963792404,
          -1.598560444047835
        ],
        [
          0.05901109266785008,
          0.9878755046615174,
          0.14359553705538036,
          0.1979208230451471
        ],
        [
          0.0,
          0.0,
          0.0,
          1.0
        ]
      ]
    },
    {
      "file_path": "./images/18.jpg",
      "sharpness": 77.38391773696709,
      "transform_matrix": [
        [
          0.4789229496914262,
          -0.164562626788263,
          0.8622945843235488,
          3.533863465032715
        ],
        [
          0.8749798043415419,
          0.010022481524456209,
          -0.4840556702059608,
          -2.0549657984605
        ],
        [
          0.07101514106082463,
          0.9863157160660889,
          0.14878897140404498,
          0.0655549783096389
        ],
        [
          0.0,
          0.0,
          0.0,
          1.0
        ]
      ]
    },
    {
      "file_path": "./images/19.jpg",
      "sharpness": 71.54665460916708,
      "transform_matrix": [
        [
          0.5551787888069837,
          -0.18392295955689597,
          0.8111404671429938,
          3.3206299158513044
        ],
        [
          0.8282157254330017,
          0.032680053340877015,
          -0.5594557411083894,
          -2.3840059831576754
        ],
        [
          0.07638864191257463,
          0.9823972511625675,
          0.17047115980513497,
          0.3956610260324942
        ],
        [
          0.0,
          0.0,
          0.0,
          1.0
        ]
      ]
    },
    {
      "file_path": "./images/23.jpg",
      "sharpness": 73.41863271088614,
      "transform_matrix": [
        [
          0.9161357991712937,
          -0.15442617426943916,
          0.3699293908404556,
          1.0902969698005296
        ],
        [
          0.3814243637485944,
          0.051888341980103586,
          -0.9229426063984416,
          -3.6529479143608214
        ],
        [
          0.12333147303595518,
          0.9866408448352993,
          0.10643867291446599,
          0.6234140557675275
        ],
        [
          0.0,
          0.0,
          0.0,
          1.0
        ]
      ]
    },
    {
      "file_path": "./images/20.jpg",
      "sharpness": 77.8397780753309,
      "transform_matrix": [
        [
          0.6016872704338956,
          -0.16102453812475842,
          0.7823321077073515,
          3.0132751237478064
        ],
        [
          0.7955724869138667,
          0.033790603387106224,
          -0.6049153768821172,
          -2.766794212622693
        ],
        [
          0.07097074519846909,
          0.9863717824809971,
          0.14843806816837307,
          0.4545820164145265
        ],
        [
          0.0,
          0.0,
          0.0,
          1.0
        ]
      ]
    },
    {
      "file_path": "./images/22.jpg",
      "sharpness": 90.14016114260616,
      "transform_matrix": [
        [
          0.8137037027678418,
          -0.14179216625178484,
          0.5637209111979445,
          2.2468623653754696
        ],
        [
          0.5722714281377802,
          0.025337896326474672,
          -0.8196727417371567,
          -3.5855216420974045
        ],
        [
          0.10193967166345186,
          0.9895721159317716,
          0.1017611455408586,
          0.8147342274204563
        ],
        [
          0.0,
          0.0,
          0.0,
          1.0
        ]
      ]
    },
    {
      "file_path": "./images/21.jpg",
      "sharpness": 96.40848465583966,
      "transform_matrix": [
        [
          0.7029422736480446,
          -0.14454883969857277,
          0.6964034699013388,
          2.5989798895721035
        ],
        [
          0.7071485298117368,
          0.037077660246290126,
          -0.7060922063695173,
          -3.4972509373259597
        ],
        [
          0.07624379789957961,
          0.9888027508470764,
          0.12828095427391512,
          0.6369911949916834
        ],
        [
          0.0,
          0.0,
          0.0,
          1.0
        ]
      ]
    },
    {
      "file_path": "./images/2.jpg",
      "sharpness": 92.25908942076543,
      "transform_matrix": [
        [
          0.10115504126185332,
          -0.17367176703555512,
          0.9795946993488539,
          3.840949315920955
        ],
        [
          0.994648978429183,
          -0.003131330810288766,
          -0.10326473007349792,
          -0.514411981784139
        ],
        [
          0.02100160320798064,
          0.9847986150134591,
          0.17242569576658667,
          0.7667737061262936
        ],
        [
          0.0,
          0.0,
          0.0,
          1.0
        ]
      ]
    },
    {
      "file_path": "./images/25.jpg",
      "sharpness": 75.25246622079095,
      "transform_matrix": [
        [
          0.9560630911043198,
          -0.22715854536928454,
          0.18531692077107997,
          1.0118506089495687
        ],
        [
          0.20819530531243627,
          0.08106849802924206,
          -0.9747218133771077,
          -4.013133232822101
        ],
        [
          0.20639302484013955,
          0.9704776627636212,
          0.12479994152450875,
          1.1507672398526207
        ],
        [
          0.0,
          0.0,
          0.0,
          1.0
        ]
      ]
    },
    {
      "file_path": "./images/24.jpg",
      "sharpness": 71.58437593127599,
      "transform_matrix": [
        [
          0.9180300894417464,
          -0.16195888608611858,
          0.3619255090866546,
          1.048127638469734
        ],
        [
          0.37488648440474914,
          0.057212526525564654,
          -0.9253036531967345,
          -3.6968651610020196
        ],
        [
          0.12915447617426062,
          0.9851375772228674,
          0.1132390182663866,
          0.6112705136137384
        ],
        [
          0.0,
          0.0,
          0.0,
          1.0
        ]
      ]
    },
    {
      "file_path": "./images/26.jpg",
      "sharpness": 77.46763695924766,
      "transform_matrix": [
        [
          0.9581735658626116,
          -0.2473059197023743,
          0.14402499711022917,
          0.3300079559732519
        ],
        [
          0.1727501469201746,
          0.09857062173015767,
          -0.9800210300145612,
          -4.239443947953584
        ],
        [
          0.22816836864557974,
          0.9639105843603712,
          0.13716989807529384,
          0.6462209163702737
        ],
        [
          0.0,
          0.0,
          0.0,
          1.0
        ]
      ]
    },
    {
      "file_path": "./images/28.jpg",
      "sharpness": 71.37383773890781,
      "transform_matrix": [
        [
          0.9708630398182305,
          -0.21009998679460726,
          -0.11525169627437896,
          -0.3211468953478073
        ],
        [
          -0.07649299005357993,
          0.18407657346811185,
          -0.9799309351035485,
          -4.442575611581872
        ],
        [
          0.22709861386145794,
          0.9601946733233266,
          0.16264196547643772,
          0.5880736285893651
        ],
        [
          0.0,
          0.0,
          0.0,
          1.0
        ]
      ]
    },
    {
      "file_path": "./images/30.jpg",
      "sharpness": 79.4511655416083,
      "transform_matrix": [
        [
          0.9354372449638025,
          -0.011591038775964698,
          -0.353302715224403,
          -1.2012148473944775
        ],
        [
          -0.34132631471233027,
          0.2303413550362283,
          -0.9112843722159323,
          -4.187006592752744
        ],
        [
          0.09194295865705325,
          0.9730408562896459,
          0.21151355600723074,
          1.01710775466554
        ],
        [
          0.0,
          0.0,
          0.0,
          1.0
        ]
      ]
    },
    {
      "file_path": "./images/29.jpg",
      "sharpness": 79.4831870621765,
      "transform_matrix": [
        [
          0.9537830113301934,
          -0.04958076736359807,
          -0.29637765576348024,
          -0.9400640769970813
        ],
        [
          -0.27705881840284496,
          0.2367763383017286,
          -0.9312225173209986,
          -4.102837697731837
        ],
        [
          0.11634594308116372,
          0.9702982598957403,
          0.21209646013589445,
          0.8696821284995786
        ],
        [
          0.0,
          0.0,
          0.0,
          1.0
        ]
      ]
    },
    {
      "file_path": "./images/27.jpg",
      "sharpness": 77.58742572630345,
      "transform_matrix": [
        [
          0.9644366007231232,
          -0.26361138422820884,
          0.019263471162418496,
          0.2625045671070988
        ],
        [
          0.05044561880907348,
          0.1120364840119135,
          -0.9924228261145702,
          -4.379903357268286
        ],
        [
          0.25945574335283067,
          0.9581006546211707,
          0.1213501251999288,
          0.5307654915330196
        ],
        [
          0.0,
          0.0,
          0.0,
          1.0
        ]
      ]
    },
    {
      "file_path": "./images/3.jpg",
      "sharpness": 93.69842584220135,
      "transform_matrix": [
        [
          0.011308497243384036,
          -0.17341572690142928,
          0.9847837851953373,
          3.829874779512719
        ],
        [
          0.9997713735584483,
          -0.015912416141167653,
          -0.014282703722236278,
          -0.09613419569646406
        ],
        [
          0.01814713484721182,
          0.9847201534985013,
          0.17319613396681072,
          0.7797921355656566
        ],
        [
          0.0,
          0.0,
          0.0,
          1.0
        ]
      ]
    },
    {
      "file_path": "./images/31.jpg",
      "sharpness": 52.32360867558206,
      "transform_matrix": [
        [
          -0.05364587035253576,
          -0.19201014693147261,
          0.9799256217181914,
          3.6424756157507896
        ],
        [
          0.9978049782585877,
          -0.048462585744811465,
          0.04512873968237102,
          0.06310657050034546
        ],
        [
          0.0388245535288113,
          0.9801956341917268,
          0.19418849807620106,
          0.11426370937479405
        ],
        [
          0.0,
          0.0,
          0.0,
          1.0
        ]
      ]
    },
    {
      "file_path": "./images/32.jpg",
      "sharpness": 74.04742812695703,
      "transform_matrix": [
        [
          0.9204763244606013,
          0.01353823069848331,
          -0.39056376233256257,
          -1.4004522016504088
        ],
        [
          -0.383408700473231,
          0.22471581681915492,
          -0.8958239615419652,
          -4.186773742740923
        ],
        [
          0.07563798341593987,
          0.9743302920517476,
          0.21203626455266997,
          1.0037236026275644
        ],
        [
          0.0,
          0.0,
          0.0,
          1.0
        ]
      ]
    },
    {
      "file_path": "./images/33.jpg",
      "sharpness": 70.95181182428725,
      "transform_matrix": [
        [
          0.8680218337050228,
          0.07374630148647665,
          -0.49101891945091697,
          -1.6049790274072588
        ],
        [
          -0.4945606168253784,
          0.2163138095121398,
          -0.8417945902057458,
          -3.655445785704279
        ],
        [
          0.04413493536996447,
          0.9735347034699363,
          0.22423712594018888,
          1.0205894929173238
        ],
        [
          0.0,
          0.0,
          0.0,
          1.0
        ]
      ]
    },
    {
      "file_path": "./images/34.jpg",
      "sharpness": 64.93539249540426,
      "transform_matrix": [
        [
          0.8306458276102995,
          0.1440504104760809,
          -0.537844762311193,
          -2.5794805880764677
        ],
        [
          -0.5567956332864745,
          0.21919071783956098,
          -0.8012078706341472,
          -3.234452690740034
        ],
        [
          0.0024762568957228536,
          0.9649895898316614,
          0.2622764947505438,
          1.087018215327676
        ],
        [
          0.0,
          0.0,
          0.0,
          1.0
        ]
      ]
    },
    {
      "file_path": "./images/35.jpg",
      "sharpness": 58.649766105492745,
      "transform_matrix": [
        [
          0.7875141186896569,
          0.17206737344558326,
          -0.5917890940954399,
          -2.471776124832509
        ],
        [
          -0.6162128433771701,
          0.2040092237193752,
          -0.7606983425080234,
          -3.2163654962013255
        ],
        [
          -0.010160932087761301,
          0.9637287251410399,
          0.26669026946526914,
          0.9817124322585492
        ],
        [
          0.0,
          0.0,
          0.0,
          1.0
        ]
      ]
    },
    {
      "file_path": "./images/36.jpg",
      "sharpness": 67.07971932713988,
      "transform_matrix": [
        [
          0.7351817432638323,
          0.18838723323817289,
          -0.6511666873809878,
          -2.65278536456005
        ],
        [
          -0.6778128718579582,
          0.19182103018743712,
          -0.7097706693866054,
          -3.0202483867075123
        ],
        [
          -0.008804267842186558,
          0.963179600469123,
          0.26871461095040533,
          1.1988691227439354
        ],
        [
          0.0,
          0.0,
          0.0,
          1.0
        ]
      ]
    },
    {
      "file_path": "./images/37.jpg",
      "sharpness": 61.08365493204039,
      "transform_matrix": [
        [
          0.675524788727497,
          0.20949507912564466,
          -0.7069498367402891,
          -3.2040833795745636
        ],
        [
          -0.7369202487626204,
          0.1595818595077888,
          -0.6568730296485666,
          -2.8410263522723262
        ],
        [
          -0.02479529779598535,
          0.9646996641274868,
          0.26218266775255505,
          1.4149853475039682
        ],
        [
          0.0,
          0.0,
          0.0,
          1.0
        ]
      ]
    },
    {
      "file_path": "./images/38.jpg",
      "sharpness": 62.730250769371374,
      "transform_matrix": [
        [
          0.6312972965839199,
          0.21833770553782356,
          -0.7441722715182444,
          -3.133712136347896
        ],
        [
          -0.7748140477608512,
          0.13602772646767833,
          -0.6173812833448168,
          -2.795499419540503
        ],
        [
          -0.033569550652589646,
          0.966346265063532,
          0.25504505738608013,
          1.40880498189131
        ],
        [
          0.0,
          0.0,
          0.0,
          1.0
        ]
      ]
    },
    {
      "file_path": "./images/39.jpg",
      "sharpness": 62.61953028512176,
      "transform_matrix": [
        [
          0.5645902307131292,
          0.23139011961238243,
          -0.7922729857564079,
          -3.2367409163456995
        ],
        [
          -0.8242513182719284,
          0.10807608182250115,
          -0.5558141099908283,
          -2.4599812796212115
        ],
        [
          -0.042984133358660796,
          0.9668392695342908,
          0.2517423110963423,
          1.3592312684998382
        ],
        [
          0.0,
          0.0,
          0.0,
          1.0
        ]
      ]
    },
    {
      "file_path": "./images/40.jpg",
      "sharpness": 60.62605934942846,
      "transform_matrix": [
        [
          0.5407079789017142,
          0.23780779101036492,
          -0.8068967320029903,
          -3.2740303283008854
        ],
        [
          -0.8397530781305012,
          0.09615523211216304,
          -0.534386507228446,
          -2.202083738288288
        ],
        [
          -0.04949393227344781,
          0.9665410627087921,
          0.25169172572056164,
          1.3871086203943057
        ],
        [
          0.0,
          0.0,
          0.0,
          1.0
        ]
      ]
    },
    {
      "file_path": "./images/41.jpg",
      "sharpness": 60.75276041197712,
      "transform_matrix": [
        [
          0.4761195670484669,
          0.2536350414024078,
          -0.8420091589030906,
          -3.316028518883707
        ],
        [
          -0.8775371368919149,
          0.07507117203000778,
          -0.47359570575079546,
          -1.947325011527591
        ],
        [
          -0.05690985201724948,
          0.9643824889186696,
          0.2583170219724795,
          1.314953549338782
        ],
        [
          0.0,
          0.0,
          0.0,
          1.0
        ]
      ]
    },
    {
      "file_path": "./images/4.jpg",
      "sharpness": 95.2010252328508,
      "transform_matrix": [
        [
          -0.18542596482633486,
          -0.15687965340387455,
          0.9700546303927494,
          4.024413386468998
        ],
        [
          0.9823419523004739,
          -0.05463787143834566,
          0.17893851389567708,
          0.7288532380410059
        ],
        [
          0.02492990814301276,
          0.9861052060418245,
          0.16424074502849634,
          0.757903349142406
        ],
        [
          0.0,
          0.0,
          0.0,
          1.0
        ]
      ]
    },
    {
      "file_path": "./images/42.jpg",
      "sharpness": 61.993726845130595,
      "transform_matrix": [
        [
          0.41849107276017744,
          0.2620275077857924,
          -0.8696015220857848,
          -3.6883629038631174
        ],
        [
          -0.9064528683161535,
          0.06078737233348744,
          -0.4179091921532967,
          -1.6467120794721963
        ],
        [
          -0.05664291259590619,
          0.9631440601273246,
          0.2629545586682783,
          1.099767824626255
        ],
        [
          0.0,
          0.0,
          0.0,
          1.0
        ]
      ]
    },
    {
      "file_path": "./images/43.jpg",
      "sharpness": 63.83558633769473,
      "transform_matrix": [
        [
          0.3626517284828622,
          0.2902383533512491,
          -0.8855763220088138,
          -3.740384340733291
        ],
        [
          -0.9297205677571581,
          0.0473585847856267,
          -0.3652079275377555,
          -1.1898441389240002
        ],
        [
          -0.06405770618938257,
          0.9557818070675418,
          0.28701523929363587,
          1.383919398074632
        ],
        [
          0.0,
          0.0,
          0.0,
          1.0
        ]
      ]
    },
    {
      "file_path": "./images/45.jpg",
      "sharpness": 65.51070745924939,
      "transform_matrix": [
        [
          0.23051384491614393,
          0.3363857886687211,
          -0.9130761022576424,
          -3.8758954144406093
        ],
        [
          -0.9704629414571939,
          0.010844637374061952,
          -0.24100637563867164,
          -1.2256679968313362
        ],
        [
          -0.07116914051949856,
          0.9416618262689967,
          0.3289497809936616,
          1.5528729415632267
        ],
        [
          0.0,
          0.0,
          0.0,
          1.0
        ]
      ]
    },
    {
      "file_path": "./images/44.jpg",
      "sharpness": 74.68689084063503,
      "transform_matrix": [
        [
          0.24990735977365008,
          0.3127344170566541,
          -0.9163751938750352,
          -3.7342145568185874
        ],
        [
          -0.9661373770197681,
          0.01776307280179193,
          -0.25741608724011983,
          -1.3076922352014557
        ],
        [
          -0.06422523070148528,
          0.9496745009018506,
          0.3065835320242851,
          1.3506154375866504
        ],
        [
          0.0,
          0.0,
          0.0,
          1.0
        ]
      ]
    },
    {
      "file_path": "./images/46.jpg",
      "sharpness": 84.03433349871344,
      "transform_matrix": [
        [
          0.22594982523742727,
          0.34178084151087845,
          -0.9122129865780265,
          -4.166472234415286
        ],
        [
          -0.9706959437980828,
          0.0003334292149922376,
          -0.2403107852738212,
          -1.1887076583377232
        ],
        [
          -0.08182946395500618,
          0.9397796258865141,
          0.3318406147953617,
          1.5867054367360922
        ],
        [
          0.0,
          0.0,
          0.0,
          1.0
        ]
      ]
    },
    {
      "file_path": "./images/48.jpg",
      "sharpness": 68.63573350672097,
      "transform_matrix": [
        [
          -0.17451320471630302,
          -0.017852174917013443,
          0.9844929869027453,
          3.7253764619414014
        ],
        [
          0.9843809718867871,
          -0.026742747300395123,
          0.17400841259566888,
          0.6358559383320767
        ],
        [
          0.023221618549061594,
          0.9994829289927174,
          0.02224030382941283,
          0.22719824091089966
        ],
        [
          0.0,
          0.0,
          0.0,
          1.0
        ]
      ]
    },
    {
      "file_path": "./images/49.jpg",
      "sharpness": 72.90219037449539,
      "transform_matrix": [
        [
          -0.2585735230475122,
          -0.02345126735528556,
          0.9657068764736738,
          3.8328743058723207
        ],
        [
          0.9659786169481571,
          -0.01145641092525006,
          0.2583680751324559,
          0.9514967917795092
        ],
        [
          0.005004476004220378,
          0.9996593363433679,
          0.025615747339962122,
          0.24812071162811453
        ],
        [
          0.0,
          0.0,
          0.0,
          1.0
        ]
      ]
    },
    {
      "file_path": "./images/5.jpg",
      "sharpness": 82.19768901373511,
      "transform_matrix": [
        [
          -0.3710012715131535,
          -0.11336938657351145,
          0.9216861932099668,
          3.5454212406360974
        ],
        [
          0.9279907301775319,
          -0.08215049593537452,
          0.3634343141781695,
          1.4787591375534606
        ],
        [
          0.03451465261084227,
          0.9901508361030783,
          0.1356836782735919,
          0.6604252250013543
        ],
        [
          0.0,
          0.0,
          0.0,
          1.0
        ]
      ]
    },
    {
      "file_path": "./images/47.jpg",
      "sharpness": 94.82770108858567,
      "transform_matrix": [
        [
          0.2290653951591015,
          0.3324948200687033,
          -0.914864055146116,
          -4.1433247855986295
        ],
        [
          -0.970046817208797,
          -9.866030682988512e-05,
          -0.24291801639491248,
          -1.1644452692094702
        ],
        [
          -0.0808592429210611,
          0.9431050762899895,
          0.3225129422838869,
          1.2993378981513126
        ],
        [
          0.0,
          0.0,
          0.0,
          1.0
        ]
      ]
    },
    {
      "file_path": "./images/50.jpg",
      "sharpness": 74.1882421861918,
      "transform_matrix": [
        [
          -0.3701487830053232,
          -0.038710731708027704,
          0.9281655874468836,
          3.6664002225485897
        ],
        [
          0.9289672346940852,
          -0.018783425369796464,
          0.3696850819227295,
          1.375636106771665
        ],
        [
          0.0031233490198507977,
          0.9990739022776637,
          0.042913663429092704,
          0.25137686010170224
        ],
        [
          0.0,
          0.0,
          0.0,
          1.0
        ]
      ]
    },
    {
      "file_path": "./images/51.jpg",
      "sharpness": 77.53245370213992,
      "transform_matrix": [
        [
          -0.5494203717900806,
          -0.0786770187366024,
          0.8318336262829732,
          3.388990835989932
        ],
        [
          0.8349265026097192,
          -0.013364169569346388,
          0.5501991768547436,
          2.180382069739721
        ],
        [
          -0.03217126531113394,
          0.9968105766517324,
          0.07303207510296683,
          0.6067367596399759
        ],
        [
          0.0,
          0.0,
          0.0,
          1.0
        ]
      ]
    },
    {
      "file_path": "./images/52.jpg",
      "sharpness": 63.281835936191854,
      "transform_matrix": [
        [
          -0.615474779519907,
          -0.08699417350872944,
          0.7833408004060338,
          3.253692010355555
        ],
        [
          0.7873586810895329,
          -0.023154670426547726,
          0.6160601988039822,
          2.4865410650942605
        ],
        [
          -0.03545564976150616,
          0.995939694481185,
          0.08274673339194279,
          0.6084143328726092
        ],
        [
          0.0,
          0.0,
          0.0,
          1.0
        ]
      ]
    },
    {
      "file_path": "./images/53.jpg",
      "sharpness": 64.49529753455339,
      "transform_matrix": [
        [
          -0.8167953093035629,
          -0.07511265876074308,
          0.5720170550113869,
          2.276639060674057
        ],
        [
          0.5746511516027657,
          -0.017931231011407738,
          0.818202007401622,
          3.4892402775934412
        ],
        [
          -0.05120035822343873,
          0.9970138211071199,
          0.057809721236963006,
          0.260237710202552
        ],
        [
          0.0,
          0.0,
          0.0,
          1.0
        ]
      ]
    },
    {
      "file_path": "./images/54.jpg",
      "sharpness": 65.11893779008773,
      "transform_matrix": [
        [
          -0.888375037920297,
          -0.0802724221474731,
          0.45204660188192886,
          2.12907389443308
        ],
        [
          0.4559495015928985,
          -0.038767903613321414,
          0.8891608975020373,
          3.850584835047615
        ],
        [
          -0.0538501998308215,
          0.9960187688604469,
          0.07104060871236997,
          0.31200605814763166
        ],
        [
          0.0,
          0.0,
          0.0,
          1.0
        ]
      ]
    },
    {
      "file_path": "./images/55.jpg",
      "sharpness": 67.4935262002743,
      "transform_matrix": [
        [
          -0.9444055207071168,
          -0.0469244882782354,
          0.32541712445422416,
          1.2345482735023299
        ],
        [
          0.3264563446256319,
          -0.016294720303935303,
          0.9450718158658105,
          3.4260688027931674
        ],
        [
          -0.03904443032059336,
          0.9987655252962815,
          0.030707620730155896,
          -0.04467684234887493
        ],
        [
          0.0,
          0.0,
          0.0,
          1.0
        ]
      ]
    },
    {
      "file_path": "./images/56.jpg",
      "sharpness": 68.14430019829845,
      "transform_matrix": [
        [
          -0.9995000386492175,
          -0.013158837917307086,
          0.028749221818846895,
          -0.01871527013789431
        ],
        [
          0.029372189741691288,
          -0.04989075946878918,
          0.9983226866045958,
          4.110842638720413
        ],
        [
          -0.01170244591152144,
          0.9986679914438739,
          0.05025231990138095,
          -0.16602592668747665
        ],
        [
          0.0,
          0.0,
          0.0,
          1.0
        ]
      ]
    },
    {
      "file_path": "./images/58.jpg",
      "sharpness": 75.10980468724671,
      "transform_matrix": [
        [
          -0.9999142777459523,
          -0.010423115087339998,
          0.007924384012491171,
          -0.13763467648225372
        ],
        [
          0.008474071760002026,
          -0.05379593030817945,
          0.9985159928564474,
          4.1527603515811
        ],
        [
          -0.009981347500021073,
          0.9984975496136128,
          0.05387964502498774,
          -0.20924742497812668
        ],
        [
          0.0,
          0.0,
          0.0,
          1.0
        ]
      ]
    },
    {
      "file_path": "./images/57.jpg",
      "sharpness": 71.64761662538398,
      "transform_matrix": [
        [
          -0.9972145499857761,
          -0.022824551958443642,
          0.07100831750487764,
          0.3285086406551183
        ],
        [
          0.07202274125901116,
          -0.04721266402928206,
          0.9962849437268481,
          4.153466630623863
        ],
        [
          -0.019387265625866176,
          0.9986240554950644,
          0.048725042313645966,
          -0.03169899432547976
        ],
        [
          0.0,
          0.0,
          0.0,
          1.0
        ]
      ]
    },
    {
      "file_path": "./images/59.jpg",
      "sharpness": 61.59102569939887,
      "transform_matrix": [
        [
          -0.9998475117991742,
          0.003137582717160456,
          0.01717872969704666,
          -0.17960988448958595
        ],
        [
          0.016877535557762433,
          -0.07894533182498906,
          0.9967360650526054,
          3.4067858242480056
        ],
        [
          0.004483522367544673,
          0.9968740091846465,
          0.07888033892950119,
          -0.38211778196999346
        ],
        [
          0.0,
          0.0,
          0.0,
          1.0
        ]
      ]
    },
    {
      "file_path": "./images/6.jpg",
      "sharpness": 83.61890720385546,
      "transform_matrix": [
        [
          -0.3871159039818253,
          -0.10863284972081239,
          0.9156091856661227,
          3.6070683237992185
        ],
        [
          0.92163465366257,
          -0.0747059693324163,
          0.38079992557036,
          1.522855494226301
        ],
        [
          0.027034090656670583,
          0.9912708621450466,
          0.1290396676797758,
          0.6653042374328635
        ],
        [
          0.0,
          0.0,
          0.0,
          1.0
        ]
      ]
    },
    {
      "file_path": "./images/60.jpg",
      "sharpness": 79.57106336394169,
      "transform_matrix": [
        [
          -0.9823686506921565,
          -0.060698383580396954,
          -0.17682630007526975,
          -1.2456208383994816
        ],
        [
          -0.17315671208895334,
          -0.06120272601323189,
          0.9829908338265956,
          3.8996336595269807
        ],
        [
          -0.07048820628306118,
          0.9962780398008791,
          0.04961330684240471,
          -0.38971925011305675
        ],
        [
          0.0,
          0.0,
          0.0,
          1.0
        ]
      ]
    },
    {
      "file_path": "./images/61.jpg",
      "sharpness": 65.43281680687153,
      "transform_matrix": [
        [
          -0.9533777554455495,
          -0.04762619711582527,
          -0.2979976523400849,
          -1.2560089886686625
        ],
        [
          -0.29401217821699605,
          -0.07600772469059029,
          0.9527747188330881,
          3.9230365615085976
        ],
        [
          -0.06802716008362714,
          0.9959691617544131,
          0.05846139200782238,
          -0.4123556366518661
        ],
        [
          0.0,
          0.0,
          0.0,
          1.0
        ]
      ]
    },
    {
      "file_path": "./images/62.jpg",
      "sharpness": 69.95440634086317,
      "transform_matrix": [
        [
          -0.8927235091583973,
          -0.019666963658945373,
          -0.4501754621996472,
          -1.5485477076991006
        ],
        [
          -0.4483091840560831,
          -0.061952264574798785,
          0.891729102589478,
          3.6440030776980525
        ],
        [
          -0.04542699319352617,
          0.9978853278231412,
          0.0464893626007214,
          -0.206460810027172
        ],
        [
          0.0,
          0.0,
          0.0,
          1.0
        ]
      ]
    },
    {
      "file_path": "./images/64.jpg",
      "sharpness": 81.41658748948333,
      "transform_matrix": [
        [
          -0.7308791153186929,
          0.017885143689742117,
          -0.6822725558429507,
          -2.591533403849347
        ],
        [
          -0.6819324501921448,
          -0.06014388780885933,
          0.7289381634502242,
          2.870612171866575
        ],
        [
          -0.027997360259438178,
          0.9980294757293735,
          0.05615437137195033,
          -0.05953184001519341
        ],
        [
          0.0,
          0.0,
          0.0,
          1.0
        ]
      ]
    },
    {
      "file_path": "./images/63.jpg",
      "sharpness": 72.83960646960288,
      "transform_matrix": [
        [
          -0.8300800707431144,
          0.0008665294484045139,
          -0.5576435468219201,
          -2.0013758940823823
        ],
        [
          -0.5566456299697085,
          -0.061105987275911565,
          0.8284996686509141,
          3.3804495001838717
        ],
        [
          -0.033357440115715044,
          0.9981309069836292,
          0.05120521207151102,
          -0.12240390579983827
        ],
        [
          0.0,
          0.0,
          0.0,
          1.0
        ]
      ]
    },
    {
      "file_path": "./images/65.jpg",
      "sharpness": 74.6725404716753,
      "transform_matrix": [
        [
          -0.725672762224483,
          0.024939461708234887,
          -0.6875878601644327,
          -2.7000637710375077
        ],
        [
          -0.6875400862873973,
          -0.06437271888955672,
          0.7232874828245668,
          2.7007481575315184
        ],
        [
          -0.02622349955228801,
          0.9976142422513172,
          0.06386040838332573,
          0.15960935714732827
        ],
        [
          0.0,
          0.0,
          0.0,
          1.0
        ]
      ]
    },
    {
      "file_path": "./images/66.jpg",
      "sharpness": 61.89316306458754,
      "transform_matrix": [
        [
          -0.645176756198596,
          0.0409577259227056,
          -0.7629347403144053,
          -3.0360350899193587
        ],
        [
          -0.763399690020977,
          -0.07521775991645556,
          0.6415319180438649,
          2.571124342421457
        ],
        [
          -0.031110553658984096,
          0.9963256261436555,
